import numpy as np

C1 = np.array([
    [245.42456704, 0., 371.08378952],
    [0., 93.06354114, 137.78955147],
    [0, 0, 1]
])

C2 = np.array([
    [261.37507822,   0.,         402.27692199],
    [0.,          97.73708489, 133.56734599],
    [0, 0, 1]
])

D1 = np.array([[-0.14451425,  0.27501417,  0.10083948,  0.06908903, -0.11106968]])

D2 = np.array([[-0.23295742,  0.42708571,  0.09470776,  0.07110181, -0.19565673]])

R = np.array([
    [0.99907293, -0.03373247, -0.02674706],
    [0.02385673, 0.95100281, -0.30826047],
    [0.03583491, 0.30733659, 0.95092591]
])

T = np.array([[34.29581264], [ 0.92560608], [20.72859247]])

E = np.array([
    [0.08603522, 1.58415876, 1.21575515],
    [-1.20311093, -0.56501597, -1.83622011],
    [-1.59769235, 1.92222268, -0.56104918]
])

F = np.array([
    [1.11375187e-05, 4.09539717e-04, -3.17347325e-02],
    [-3.10798405e-04, -2.91486869e-04, 7.30982328e-02],
    [6.97613364e-03, -2.96551658e-02, 1.00000000e+00]
])

Q = np.array([
    [1., 0., 0., -3.56447201e+02 ],
    [0., 1., 0. , -1.22481855e+02],
    [0., 0., 0., 8.88746057e+01],
    [0., 0., 2.92668723e-02, -0.]
])

R1 = np.array([[-0.93551221,  0.2091645 , -0.28472287],
       [-0.2208356 , -0.9752682 ,  0.00914195],
       [-0.27576899,  0.07142935,  0.95856628]]
)

R2 = np.array([[-0.90113096,  0.23888833, -0.36179463],
       [-0.25255397, -0.96753311, -0.00980711],
       [-0.35239109,  0.08253518,  0.93220624]]
)

P1 = np.array([
    [ 95.40031301, 0., 349.94966769, 0.],
    [0., 95.40031301, 123.9305678 , 0.],
    [0., 0., 1., 0.]
])

P2 = np.array([[9.54003130e+01,  0.00000000e+00,  3.49949668e+02, -4.92328839e+03],
       [0.00000000e+00,  9.54003130e+01,  1.23930568e+02, 0.00000000e+00],
       [0.00000000e+00,  0.00000000e+00,  1.00000000e+00, 0.00000000e+00]]
)
DESTINATION_HEIGHT = 240
DESTINATION_WIDTH = 640